Tue Jan 29 11:29:05 2019

52.029054
 0.000271
 0.011802
 0.025687
 0.713109
 0.679512
 0.000000
 56.900643
 0.000084
 
53.185827
 0.000247
 0.011952
 0.025680
 0.714594
 0.684789
 0.000001
 56.685175
 0.000089
 
53.205565
 0.000243
 0.011810
 0.025635
 0.715553
 0.648849
 0.000000
 57.100829
 0.000092
 
52.220928
 0.000233
 0.011085
 0.023864
 0.706067
 0.652231
 0.000001
 55.626159
 0.000075
 
53.026533
 0.000243
 0.011732
 0.025656
 0.684835
 0.656221
 0.000001
 56.589617
 0.000074
 
53.166435
 0.000241
 0.011790
 0.025624
 0.699792
 0.679626
 0.000001
 55.421787
 0.000076
 
50.752531
 0.000227
 0.011075
 0.024107
 0.666321
 0.636454
 0.000001
 53.788324
 0.000081
 
50.730162
 0.000228
 0.010962
 0.023908
 0.684992
 0.682796
 0.000000
 56.244897
 0.000074
 
50.208519
 0.000233
 0.011074
 0.024035
 0.701516
 0.650678
 0.000000
 53.351471
 0.000081
 
52.628952
 0.000242
 0.011818
 0.025623
 0.713408
 0.680103
 0.000001
 56.439457
 0.000089
 Tue Jan 29 11:56:39 2019
