Tue Jan 29 11:57:07 2019

62.228495
 0.000247
 0.036391
 0.036454
 0.833459
 0.785810
 0.000000
 66.074913
 0.000081
 
62.109397
 0.000221
 0.036149
 0.036378
 0.831701
 0.785250
 0.000000
 66.047563
 0.000083
 
62.114700
 0.000222
 0.036203
 0.036413
 0.833681
 0.787386
 0.000000
 66.161286
 0.000076
 
62.306631
 0.000220
 0.036255
 0.036448
 0.833920
 0.784556
 0.000001
 66.046437
 0.000078
 
62.026717
 0.000220
 0.036194
 0.036432
 0.833747
 0.785320
 0.000000
 66.031568
 0.000078
 
62.238430
 0.000220
 0.036179
 0.036366
 0.833228
 0.787052
 0.000000
 66.031324
 0.000075
 
62.116186
 0.000219
 0.036218
 0.036444
 0.833167
 0.785125
 0.000000
 66.061897
 0.000076
 
62.091165
 0.000220
 0.036271
 0.036467
 0.833915
 0.785738
 0.000000
 66.051804
 0.000077
 
62.194346
 0.000221
 0.036198
 0.036404
 0.833565
 0.785539
 0.000000
 66.046313
 0.000074
 
62.214649
 0.000222
 0.036352
 0.036362
 0.833671
 0.784502
 0.000000
 66.076547
 0.000076
 