Tue Jan 29 08:44:38 2019
step1.1	 step1.2	 step1.3	 step2.1	 step2.2	 step2.3	 step2.4	 step2.5	 step2.6
26.592155
 0.000379
 0.039286
 0.039193
 0.364549
 0.344275
 0.000000
 27.968362
 0.000152
 Tue Jan 29 09:23:55 2019
step1.1	 step1.2	 step1.3	 step2.1	 step2.2	 step2.3	 step2.4	 step2.5	 step2.6
Tue Jan 29 09:24:43 2019
step1.1	 step1.2	 step1.3	 step2.1	 step2.2	 step2.3	 step2.4	 step2.5	 step2.6
24.765064
 0.000326
 0.036248
 0.036595
 0.339120
 0.319241
 0.000000
 26.153881
 0.000064
 Tue Jan 29 09:35:46 2019
step1.1	 step1.2	 step1.3	 step2.1	 step2.2	 step2.3	 step2.4	 step2.5	 step2.6
Tue Jan 29 09:41:53 2019
step1.1	 step1.2	 step1.3	 step2.1	 step2.2	 step2.3	 step2.4	 step2.5	 step2.6

25.363834
 0.000333
 0.036309
 0.036807
 0.340969
 0.327218
 0.000001
 26.888920
 0.000158
 
25.415837
 0.000235
 0.036553
 0.036564
 0.353105
 0.341453
 0.000000
 26.840705
 0.000156
 
24.941473
 0.000231
 0.036217
 0.036404
 0.341200
 0.320100
 0.000000
 26.345963
 0.000165
 
25.399744
 0.000229
 0.036496
 0.036406
 0.345330
 0.321311
 0.000001
 26.350772
 0.000062
 
25.763304
 0.000306
 0.036283
 0.036463
 0.340829
 0.333272
 0.000000
 27.670930
 0.000061
 
26.090321
 0.000306
 0.036391
 0.036608
 0.340964
 0.325965
 0.000000
 27.494839
 0.000062
 
25.827422
 0.000303
 0.036403
 0.036504
 0.340824
 0.320935
 0.000000
 26.552385
 0.000060
 
25.624758
 0.000319
 0.036676
 0.036597
 0.341809
 0.321464
 0.000000
 26.901090
 0.000060
 Tue Jan 29 10:07:29 2019

12.554897
 0.000351
 0.038821
 0.039083
 0.182621
 0.180816
 0.000000
 13.424215
 0.000059
 
12.542455
 0.000235
 0.036425
 0.036767
 0.170694
 0.168766
 0.000000
 13.460709
 0.000134
 
12.544816
 0.000223
 0.036106
 0.036634
 0.170332
 0.168434
 0.000000
 13.194888
 0.000052
 
12.514773
 0.000220
 0.036370
 0.036583
 0.170206
 0.168513
 0.000000
 13.280511
 0.000125
 
12.666406
 0.000218
 0.036430
 0.036640
 0.170425
 0.168461
 0.000001
 13.225799
 0.000043
 
13.114844
 0.000233
 0.038818
 0.039158
 0.182615
 0.172814
 0.000000
 13.725524
 0.000039
 
13.229158
 0.000310
 0.038709
 0.039135
 0.182557
 0.180459
 0.000001
 13.986699
 0.000040
 
12.826313
 0.000236
 0.038869
 0.039135
 0.182780
 0.180679
 0.000000
 13.367580
 0.000041
 
12.580115
 0.000287
 0.036343
 0.036446
 0.169863
 0.170050
 0.000000
 13.302234
 0.000041
 
12.501879
 0.000217
 0.036283
 0.036603
 0.170511
 0.168372
 0.000000
 13.513994
 0.000042
 