Tue Jan 29 11:03:05 2019

37.271288
 0.000325
 0.010837
 0.023641
 0.511931
 0.471781
 0.000001
 39.477008
 0.000069
 
37.194080
 0.000310
 0.010764
 0.023707
 0.513167
 0.473498
 0.000000
 39.480678
 0.000162
 
37.181244
 0.000224
 0.010766
 0.023696
 0.514214
 0.473187
 0.000001
 39.453502
 0.000149
 
37.298169
 0.000298
 0.010775
 0.023686
 0.513030
 0.474227
 0.000000
 39.464105
 0.000062
 
37.253694
 0.000295
 0.010805
 0.023838
 0.513026
 0.472931
 0.000000
 39.455490
 0.000163
 
37.216035
 0.000223
 0.010734
 0.023844
 0.513250
 0.473163
 0.000001
 39.466856
 0.000154
 
37.259235
 0.000225
 0.010809
 0.023822
 0.513110
 0.473643
 0.000000
 39.478685
 0.000145
 
37.221730
 0.000298
 0.010817
 0.023856
 0.513234
 0.472117
 0.000000
 39.461620
 0.000062
 
37.305584
 0.000299
 0.010835
 0.023833
 0.512866
 0.472890
 0.000000
 39.550668
 0.000159
 
37.249230
 0.000224
 0.010849
 0.023816
 0.512928
 0.473716
 0.000000
 39.471255
 0.000153
 