Wed Jan 23 14:50:08 2019
wsum_vtime	 werr_vtime	 unit_vtime	 unit_ctime	 wsum_ctime	 comm_ctime	 vosize
0.000027	 0.000000	 0.000005	 0.016796	 0.000009	 0.014246	 12.000000
 Wed Jan 23 14:51:55 2019
wsum_vtime	 werr_vtime	 unit_vtime	 unit_ctime	 wsum_ctime	 comm_ctime	 vosize
0.000594	 0.000001	 0.000039	 0.331187	 0.000179	 0.284990	 116.000000
 Wed Jan 23 14:53:21 2019
wsum_vtime	 werr_vtime	 unit_vtime	 unit_ctime	 wsum_ctime	 comm_ctime	 vosize
0.019824	 0.000089	 0.067401	 730.394312	 0.372794	 535.431389	 7124.000000
 Wed Jan 23 15:39:05 2019
wsum_vtime	 werr_vtime	 unit_vtime	 unit_ctime	 wsum_ctime	 comm_ctime	 vosize
0.003789	 0.000015	 0.013964	 140.785735	 0.077640	 106.726375	 1400.000000
 0.007557	 0.000030	 0.027790	 281.152099	 0.154505	 207.386263	 2797.000000
 0.011389	 0.000054	 0.041677	 421.983591	 0.231638	 318.114632	 4196.000000
 0.015156	 0.000073	 0.055564	 560.220106	 0.307232	 413.192210	 5591.000000
 0.018956	 0.000090	 0.069583	 701.126609	 0.384422	 519.304788	 6990.000000
 0.022693	 0.000104	 0.083353	 840.757771	 0.460987	 626.967669	 8389.000000
 0.026483	 0.000116	 0.097288	 980.404035	 0.537466	 730.259667	 9788.000000
 0.030191	 0.000132	 0.110895	 1117.591513	 0.612641	 832.343135	 11187.000000
 0.033950	 0.000152	 0.124563	 1255.535530	 0.688472	 930.043717	 12584.000000
 0.037865	 0.000174	 0.138874	 1400.839095	 0.768039	 1032.104516	 13983.000000
 0.041628	 0.000195	 0.152792	 1540.389738	 0.844597	 1131.431126	 15382.000000
 0.045430	 0.000223	 0.166699	 1681.226271	 0.922290	 1232.460773	 16781.000000
 0.049427	 0.000242	 0.181623	 1829.650194	 1.004194	 1342.328336	 18180.000000
 0.053608	 0.000267	 0.196973	 1983.313242	 1.088860	 1452.360020	 19579.000000
 0.057772	 0.000296	 0.212421	 2137.712792	 1.173571	 1569.373693	 20978.000000
 0.062027	 0.000312	 0.228243	 2294.681957	 1.259473	 1685.855035	 22377.000000
 0.066202	 0.000328	 0.243465	 2449.097096	 1.344313	 1800.116303	 23776.000000
 0.070369	 0.000349	 0.258719	 2602.386145	 1.428347	 1914.092994	 25176.000000
 0.074581	 0.000373	 0.274158	 2757.864751	 1.513925	 2022.398058	 26571.000000
 0.078726	 0.000399	 0.289594	 2912.509668	 1.599010	 2141.337674	 27970.000000
 0.082942	 0.000418	 0.304770	 3067.129197	 1.683867	 2253.389291	 29369.000000
 0.087194	 0.000441	 0.320219	 3223.378525	 1.769486	 2369.110454	 30767.000000
 Fri Jan 25 14:18:29 2019
wsum_vtime	 werr_vtime	 unit_vtime	 unit_ctime	 wsum_ctime	 comm_ctime	 vosize
Fri Jan 25 14:35:35 2019
wsum_vtime	 werr_vtime	 unit_vtime	 unit_ctime	 wsum_ctime	 comm_ctime	 vosize
Fri Jan 25 14:44:36 2019
wsum_vtime	 werr_vtime	 unit_vtime	 unit_ctime	 wsum_ctime	 comm_ctime	 vosize
Fri Jan 25 15:28:45 2019
wsum_vtime	 werr_vtime	 unit_vtime	 unit_ctime	 wsum_ctime	 comm_ctime	 vosize
Fri Jan 25 15:30:40 2019
wsum_vtime	 werr_vtime	 unit_vtime	 unit_ctime	 wsum_ctime	 comm_ctime	 vosize
Fri Jan 25 15:33:23 2019
wsum_vtime	 werr_vtime	 unit_vtime	 unit_ctime	 wsum_ctime	 comm_ctime	 vosize
0.006683	 0.000016	 0.000077	 0.381632	 0.000427	 0.701598	 570.000000
 Fri Jan 25 15:37:02 2019
wsum_vtime	 werr_vtime	 unit_vtime	 unit_ctime	 wsum_ctime	 comm_ctime	 vosize
Fri Jan 25 15:37:58 2019
wsum_vtime	 werr_vtime	 unit_vtime	 unit_ctime	 wsum_ctime	 comm_ctime	 vosize
Fri Jan 25 15:39:37 2019
wsum_vtime	 werr_vtime	 unit_vtime	 unit_ctime	 wsum_ctime	 comm_ctime	 vosize
0.004352	 0.000009	 0.000078	 0.383336	 0.000408	 821.633498	 571.000000
 0.008708	 0.000016	 0.000143	 0.767727	 0.000828	 821.633498	 1142.000000
 0.013031	 0.000026	 0.000235	 1.149229	 0.001224	 821.633498	 1713.000000
 0.017362	 0.000032	 0.000316	 1.532037	 0.001632	 821.633498	 2284.000000
 0.021692	 0.000041	 0.000395	 1.916162	 0.002056	 821.633498	 2855.000000
 0.026023	 0.000047	 0.000461	 2.297529	 0.002474	 821.633498	 3426.000000
 0.030358	 0.000051	 0.000541	 2.681493	 0.002887	 821.633498	 3997.000000
 0.034695	 0.000056	 0.000618	 3.065086	 0.003300	 821.633498	 4568.000000
 0.039064	 0.000063	 0.000695	 3.448415	 0.003727	 821.633498	 5139.000000
 0.043401	 0.000067	 0.000779	 3.831112	 0.004136	 821.633498	 5710.000000
 0.047751	 0.000074	 0.000852	 4.213451	 0.004559	 821.633498	 6281.000000
 0.052089	 0.000079	 0.000925	 4.596565	 0.004961	 821.633498	 6852.000000
 0.056402	 0.000088	 0.001002	 4.976478	 0.005370	 821.633498	 7423.000000
 0.060739	 0.000098	 0.001084	 5.359602	 0.005788	 821.633498	 7994.000000
 0.065066	 0.000102	 0.001155	 5.742574	 0.006189	 821.633498	 8565.000000
 0.069406	 0.000119	 0.001246	 6.125464	 0.006602	 821.633498	 9136.000000
 0.073730	 0.000130	 0.001324	 6.507461	 0.007007	 821.633498	 9707.000000
 0.078082	 0.000133	 0.001417	 6.891361	 0.007407	 821.633498	 10278.000000
 0.082421	 0.000143	 0.001499	 7.274725	 0.007815	 821.633498	 10849.000000
 0.086745	 0.000151	 0.001578	 7.658347	 0.008244	 821.633498	 11420.000000
 0.091082	 0.000161	 0.001657	 8.040752	 0.008660	 821.633498	 11991.000000
 0.095413	 0.000163	 0.001729	 8.422849	 0.009087	 821.633498	 12562.000000
 0.099754	 0.000171	 0.001807	 8.805665	 0.009517	 821.633498	 13133.000000
 0.104079	 0.000178	 0.001900	 9.187846	 0.009938	 821.633498	 13704.000000
 0.108412	 0.000188	 0.001989	 9.567716	 0.010355	 821.633498	 14275.000000
 0.112731	 0.000196	 0.002073	 9.950109	 0.010774	 821.633498	 14846.000000
 0.117056	 0.000207	 0.002161	 10.330504	 0.011185	 821.633498	 15417.000000
 0.121387	 0.000213	 0.002232	 10.713826	 0.011599	 821.633498	 15988.000000
 0.125728	 0.000223	 0.002310	 11.096366	 0.012012	 821.633498	 16559.000000
 0.130083	 0.000226	 0.002384	 11.479407	 0.012422	 821.633498	 17130.000000
 0.134422	 0.000236	 0.002471	 11.861313	 0.012844	 821.633498	 17701.000000
 0.138771	 0.000242	 0.002549	 12.244720	 0.013273	 821.633498	 18272.000000
 0.143107	 0.000245	 0.002638	 12.627392	 0.013694	 821.633498	 18843.000000
 0.147431	 0.000250	 0.002726	 13.011609	 0.014108	 821.633498	 19414.000000
 0.151740	 0.000260	 0.002806	 13.391890	 0.014523	 821.633498	 19985.000000
 0.156086	 0.000266	 0.002888	 13.773631	 0.014941	 821.633498	 20556.000000
 0.160412	 0.000274	 0.002965	 14.156189	 0.015353	 821.633498	 21127.000000
 0.164753	 0.000283	 0.003047	 14.539061	 0.015770	 821.633498	 21698.000000
 0.169097	 0.000290	 0.003138	 14.921190	 0.016184	 821.633498	 22269.000000
 0.173417	 0.000299	 0.003221	 15.304035	 0.016601	 821.633498	 22840.000000
 0.177720	 0.000310	 0.003296	 15.683611	 0.017031	 821.633498	 23411.000000
 0.182041	 0.000314	 0.003374	 16.065837	 0.017452	 821.633498	 23982.000000
 0.186376	 0.000323	 0.003461	 16.450046	 0.017860	 821.633498	 24553.000000
 0.190702	 0.000338	 0.003549	 16.833770	 0.018268	 821.633498	 25124.000000
 0.195030	 0.000349	 0.003639	 17.216274	 0.018677	 821.633498	 25695.000000
 0.199358	 0.000356	 0.003720	 17.598997	 0.019093	 821.633498	 26266.000000
 0.203698	 0.000367	 0.003803	 17.981680	 0.019518	 821.633498	 26837.000000
 0.208038	 0.000376	 0.003888	 18.363488	 0.019945	 821.633498	 27408.000000
 0.212382	 0.000381	 0.003977	 18.745931	 0.020366	 821.633498	 27979.000000
 0.216724	 0.000386	 0.004064	 19.128700	 0.020786	 821.633498	 28550.000000
 0.221029	 0.000395	 0.004137	 19.508215	 0.021221	 821.633498	 29121.000000
 0.225338	 0.000404	 0.004208	 19.890165	 0.021626	 821.633498	 29692.000000
 0.229700	 0.000413	 0.004271	 20.273430	 0.022036	 821.633498	 30263.000000
 0.234048	 0.000427	 0.004359	 20.655992	 0.022458	 821.633498	 30834.000000
 0.238467	 0.000436	 0.004445	 21.043019	 0.022893	 821.633498	 31405.000000
 0.242792	 0.000444	 0.004533	 21.425985	 0.023314	 821.633498	 31976.000000
 0.247133	 0.000450	 0.004614	 21.809075	 0.023728	 821.633498	 32547.000000
 0.251459	 0.000458	 0.004702	 22.193119	 0.024144	 821.633498	 33118.000000
 0.255790	 0.000468	 0.004783	 22.576853	 0.024562	 821.633498	 33689.000000
 0.260111	 0.000477	 0.004863	 22.959692	 0.024980	 821.633498	 34260.000000
 0.264486	 0.000483	 0.004948	 23.343000	 0.025402	 821.633498	 34831.000000
 0.268818	 0.000491	 0.005026	 23.725963	 0.025821	 821.633498	 35402.000000
 0.273180	 0.000496	 0.005108	 24.108805	 0.026226	 821.633498	 35973.000000
 0.277515	 0.000502	 0.005185	 24.490404	 0.026633	 821.633498	 36544.000000
 0.281838	 0.000509	 0.005280	 24.873762	 0.027053	 821.633498	 37115.000000
 0.286167	 0.000518	 0.005367	 25.256867	 0.027473	 821.633498	 37686.000000
 0.290517	 0.000524	 0.005458	 25.639377	 0.027890	 821.633498	 38257.000000
 0.294874	 0.000528	 0.005530	 26.021629	 0.028294	 821.633498	 38828.000000
 0.299221	 0.000535	 0.005619	 26.403645	 0.028707	 821.633498	 39399.000000
 0.303531	 0.000545	 0.005707	 26.783098	 0.029123	 821.633498	 39970.000000
 0.307865	 0.000556	 0.005795	 27.166800	 0.029553	 821.633498	 40541.000000
 0.312217	 0.000563	 0.005871	 27.548360	 0.029968	 821.633498	 41112.000000
 0.316558	 0.000573	 0.005962	 27.930790	 0.030391	 821.633498	 41683.000000
 0.320889	 0.000582	 0.006052	 28.312744	 0.030809	 821.633498	 42254.000000
 0.325215	 0.000585	 0.006134	 28.695816	 0.031232	 821.633498	 42825.000000
 0.329544	 0.000592	 0.006213	 29.077865	 0.031653	 821.633498	 43396.000000
 0.333863	 0.000600	 0.006269	 29.457330	 0.032070	 821.633498	 43967.000000
 0.338189	 0.000607	 0.006352	 29.839104	 0.032484	 821.633498	 44538.000000
 0.342534	 0.000615	 0.006444	 30.221883	 0.032896	 821.633498	 45109.000000
 0.346863	 0.000624	 0.006539	 30.603708	 0.033301	 821.633498	 45680.000000
 0.351193	 0.000635	 0.006607	 30.985412	 0.033725	 821.633498	 46251.000000
 0.355516	 0.000645	 0.006682	 31.368818	 0.034157	 821.633498	 46822.000000
 0.359839	 0.000653	 0.006783	 31.752233	 0.034562	 821.633498	 47393.000000
 0.364169	 0.000663	 0.006865	 32.136533	 0.034972	 821.633498	 47964.000000
 0.368504	 0.000676	 0.006966	 32.521195	 0.035400	 821.633498	 48535.000000
 0.372828	 0.000686	 0.007049	 32.902264	 0.035824	 821.633498	 49106.000000
 0.377186	 0.000696	 0.007122	 33.284475	 0.036244	 821.633498	 49677.000000
 0.381542	 0.000704	 0.007204	 33.666527	 0.036651	 821.633498	 50248.000000
 0.385893	 0.000711	 0.007286	 34.048830	 0.037056	 821.633498	 50819.000000
 0.390233	 0.000721	 0.007366	 34.431990	 0.037482	 821.633498	 51390.000000
 0.394568	 0.000726	 0.007438	 34.812122	 0.037897	 821.633498	 51961.000000
 0.398922	 0.000735	 0.007526	 35.195497	 0.038309	 821.633498	 52532.000000
 0.403260	 0.000742	 0.007610	 35.579267	 0.038723	 821.633498	 53103.000000
 0.407626	 0.000745	 0.007697	 35.961809	 0.039141	 821.633498	 53674.000000
 0.411966	 0.000750	 0.007776	 36.343054	 0.039561	 821.633498	 54245.000000
 0.416310	 0.000758	 0.007863	 36.724277	 0.039981	 821.633498	 54816.000000
 0.420637	 0.000767	 0.007940	 37.103843	 0.040393	 821.633498	 55387.000000
 0.424956	 0.000778	 0.008023	 37.486449	 0.040814	 821.633498	 55958.000000
 0.429321	 0.000787	 0.008099	 37.868924	 0.041223	 821.633498	 56529.000000
 0.433637	 0.000796	 0.008179	 38.251013	 0.041637	 821.633498	 57100.000000
 0.437980	 0.000805	 0.008266	 38.633263	 0.042049	 821.633498	 57671.000000
 0.442305	 0.000812	 0.008363	 39.015959	 0.042462	 821.633498	 58242.000000
 0.446644	 0.000815	 0.008436	 39.399080	 0.042882	 821.633498	 58813.000000
 0.451007	 0.000822	 0.008525	 39.780720	 0.043294	 821.633498	 59384.000000
 0.455320	 0.000831	 0.008603	 40.160546	 0.043711	 821.633498	 59955.000000
 0.459680	 0.000844	 0.008674	 40.542909	 0.044143	 821.633498	 60526.000000
 0.464031	 0.000852	 0.008745	 40.924402	 0.044549	 821.633498	 61097.000000
 0.468359	 0.000861	 0.008814	 41.306388	 0.044967	 821.633498	 61668.000000
 0.472704	 0.000869	 0.008889	 41.689731	 0.045377	 821.633498	 62239.000000
 0.477042	 0.000877	 0.008949	 42.073105	 0.045794	 821.633498	 62810.000000
 0.481381	 0.000882	 0.009035	 42.456746	 0.046218	 821.633498	 63381.000000
 0.485703	 0.000893	 0.009106	 42.840486	 0.046626	 821.633498	 63952.000000
 0.490018	 0.000902	 0.009177	 43.221509	 0.047041	 821.633498	 64523.000000
 0.494368	 0.000913	 0.009248	 43.605095	 0.047449	 821.633498	 65094.000000
 0.498685	 0.000920	 0.009323	 43.984904	 0.047865	 821.633498	 65665.000000
 0.503018	 0.000924	 0.009404	 44.367777	 0.048280	 821.633498	 66236.000000
 0.507352	 0.000929	 0.009492	 44.749798	 0.048697	 821.633498	 66807.000000
 0.511687	 0.000938	 0.009554	 45.131999	 0.049111	 821.633498	 67378.000000
 0.516034	 0.000946	 0.009627	 45.515626	 0.049528	 821.633498	 67949.000000
 0.520371	 0.000958	 0.009704	 45.899023	 0.049942	 821.633498	 68520.000000
 0.524740	 0.000965	 0.009787	 46.282580	 0.050355	 821.633498	 69091.000000
 0.529062	 0.000975	 0.009862	 46.665477	 0.050759	 821.633498	 69662.000000
 0.533381	 0.000989	 0.009943	 47.045959	 0.051170	 821.633498	 70233.000000
 0.537737	 0.000993	 0.010036	 47.428962	 0.051598	 821.633498	 70804.000000
 0.542068	 0.001002	 0.010114	 47.811757	 0.052006	 821.633498	 71375.000000
 0.546395	 0.001011	 0.010191	 48.194619	 0.052426	 821.633498	 71946.000000
 0.550750	 0.001017	 0.010282	 48.577159	 0.052838	 821.633498	 72517.000000
 0.555086	 0.001026	 0.010341	 48.959596	 0.053240	 821.633498	 73088.000000
 0.559424	 0.001032	 0.010412	 49.341983	 0.053663	 821.633498	 73659.000000
 0.563751	 0.001040	 0.010485	 49.722899	 0.054075	 821.633498	 74230.000000
 0.568063	 0.001049	 0.010562	 50.103535	 0.054483	 821.633498	 74801.000000
 0.572391	 0.001061	 0.010647	 50.487100	 0.054893	 821.633498	 75372.000000
 0.576727	 0.001071	 0.010731	 50.869161	 0.055306	 821.633498	 75943.000000
 0.581054	 0.001076	 0.010816	 51.249500	 0.055717	 821.633498	 76514.000000
 0.585408	 0.001085	 0.010887	 51.631876	 0.056122	 821.633498	 77085.000000
 0.589755	 0.001091	 0.010960	 52.015020	 0.056540	 821.633498	 77656.000000
 0.594107	 0.001099	 0.011040	 52.397467	 0.056957	 821.633498	 78227.000000
 0.598455	 0.001107	 0.011111	 52.780656	 0.057375	 821.633498	 78798.000000
 0.602798	 0.001114	 0.011191	 53.163421	 0.057793	 821.633498	 79369.000000
 0.607126	 0.001125	 0.011267	 53.545826	 0.058205	 821.633498	 79940.000000
 0.611468	 0.001132	 0.011340	 53.929573	 0.058632	 821.633498	 80511.000000
 0.615804	 0.001141	 0.011422	 54.312107	 0.059050	 821.633498	 81082.000000
 0.620141	 0.001150	 0.011493	 54.694646	 0.059469	 821.633498	 81653.000000
 0.624470	 0.001157	 0.011566	 55.077830	 0.059892	 821.633498	 82224.000000
 0.628800	 0.001165	 0.011648	 55.460474	 0.060313	 821.633498	 82795.000000
 0.633163	 0.001170	 0.011734	 55.843283	 0.060738	 821.633498	 83366.000000
 0.637500	 0.001182	 0.011819	 56.226482	 0.061157	 821.633498	 83937.000000
 0.641829	 0.001196	 0.011898	 56.611308	 0.061580	 821.633498	 84508.000000
 0.646165	 0.001205	 0.011980	 56.993315	 0.061993	 821.633498	 85079.000000
 0.650505	 0.001221	 0.012055	 57.375401	 0.062411	 821.633498	 85650.000000
 0.654827	 0.001230	 0.012127	 57.757740	 0.062824	 821.633498	 86221.000000
 0.659175	 0.001236	 0.012220	 58.140518	 0.063247	 821.633498	 86792.000000
 0.663507	 0.001244	 0.012297	 58.523613	 0.063656	 821.633498	 87363.000000
 0.667829	 0.001251	 0.012392	 58.903302	 0.064075	 821.633498	 87934.000000
 0.672159	 0.001259	 0.012469	 59.286170	 0.064488	 821.633498	 88505.000000
 0.676501	 0.001271	 0.012544	 59.669997	 0.064915	 821.633498	 89076.000000
 0.680830	 0.001278	 0.012626	 60.052705	 0.065326	 821.633498	 89647.000000
 0.685151	 0.001287	 0.012706	 60.435391	 0.065752	 821.633498	 90218.000000
 0.689479	 0.001293	 0.012792	 60.815475	 0.066171	 821.633498	 90789.000000
 0.693822	 0.001303	 0.012883	 61.199123	 0.066587	 821.633498	 91360.000000
 0.698164	 0.001313	 0.012969	 61.582087	 0.067013	 821.633498	 91931.000000
 0.702500	 0.001323	 0.013038	 61.964294	 0.067430	 821.633498	 92502.000000
 0.706852	 0.001331	 0.013109	 62.347659	 0.067834	 821.633498	 93073.000000
 0.711349	 0.001342	 0.013200	 62.757393	 0.068269	 821.633498	 93644.000000
 0.715725	 0.001352	 0.013277	 63.140863	 0.068691	 821.633498	 94215.000000
 0.720077	 0.001360	 0.013362	 63.537999	 0.069122	 821.633498	 94786.000000
 0.724416	 0.001370	 0.013438	 63.921028	 0.069526	 821.633498	 95357.000000
 0.728748	 0.001376	 0.013522	 64.303290	 0.069943	 821.633498	 95928.000000
 0.733076	 0.001381	 0.013582	 64.685031	 0.070367	 821.633498	 96499.000000
 0.737410	 0.001391	 0.013671	 65.069873	 0.070756	 821.633498	 97070.000000
 0.741736	 0.001399	 0.013751	 65.453033	 0.071172	 821.633498	 97641.000000
 0.746079	 0.001407	 0.013834	 65.835468	 0.071579	 821.633498	 98212.000000
 0.750419	 0.001418	 0.013918	 66.218572	 0.071991	 821.633498	 98783.000000
 0.754772	 0.001423	 0.013996	 66.602510	 0.072419	 821.633498	 99354.000000
 0.759097	 0.001430	 0.014084	 66.984519	 0.072839	 821.633498	 99925.000000
 0.763429	 0.001442	 0.014161	 67.366636	 0.073256	 821.633498	 100496.000000
 0.767775	 0.001453	 0.014215	 67.748622	 0.073671	 821.633498	 101067.000000
 0.772106	 0.001464	 0.014303	 68.130433	 0.074074	 821.633498	 101638.000000
 0.776432	 0.001471	 0.014381	 68.513902	 0.074488	 821.633498	 102209.000000
 0.780770	 0.001481	 0.014452	 68.896621	 0.074899	 821.633498	 102780.000000
 0.785102	 0.001489	 0.014523	 69.280041	 0.075319	 821.633498	 103351.000000
 0.789428	 0.001497	 0.014601	 69.662431	 0.075741	 821.633498	 103922.000000
 0.793776	 0.001505	 0.014687	 70.044361	 0.076148	 821.633498	 104493.000000
 0.798122	 0.001514	 0.014749	 70.426846	 0.076566	 821.633498	 105064.000000
 0.802462	 0.001520	 0.014831	 70.810358	 0.076975	 821.633498	 105635.000000
 0.806816	 0.001528	 0.014922	 71.193854	 0.077384	 821.633498	 106206.000000
 0.811139	 0.001539	 0.015009	 71.577063	 0.077820	 821.633498	 106777.000000
 0.815471	 0.001545	 0.015088	 71.959683	 0.078237	 821.633498	 107348.000000
 0.819826	 0.001551	 0.015158	 72.342310	 0.078644	 821.633498	 107919.000000
 0.824165	 0.001554	 0.015248	 72.724508	 0.079061	 821.633498	 108490.000000
 0.828498	 0.001564	 0.015326	 73.107405	 0.079470	 821.633498	 109061.000000
 0.832831	 0.001570	 0.015406	 73.490041	 0.079896	 821.633498	 109632.000000
 0.837190	 0.001580	 0.015486	 73.872314	 0.080320	 821.633498	 110203.000000
 0.841525	 0.001593	 0.015574	 74.253859	 0.080739	 821.633498	 110774.000000
 0.845862	 0.001601	 0.015655	 74.636490	 0.081160	 821.633498	 111345.000000
 0.850228	 0.001608	 0.015738	 75.018853	 0.081567	 821.633498	 111916.000000
 0.854578	 0.001617	 0.015832	 75.400984	 0.081984	 821.633498	 112487.000000
 0.858907	 0.001627	 0.015904	 75.783536	 0.082379	 821.633498	 113058.000000
 0.863256	 0.001635	 0.015974	 76.165463	 0.082789	 821.633498	 113629.000000
 0.867597	 0.001645	 0.016045	 76.547573	 0.083203	 821.633498	 114200.000000
 0.871935	 0.001653	 0.016121	 76.930000	 0.083597	 821.633498	 114771.000000
 0.876270	 0.001665	 0.016211	 77.311939	 0.084015	 821.633498	 115342.000000
 0.880595	 0.001672	 0.016295	 77.694855	 0.084439	 821.633498	 115913.000000
 0.884934	 0.001679	 0.016376	 78.078454	 0.084850	 821.633498	 116484.000000
 0.889286	 0.001692	 0.016446	 78.461387	 0.085270	 821.633498	 117055.000000
 0.893633	 0.001698	 0.016526	 78.844063	 0.085692	 821.633498	 117626.000000
 0.897975	 0.001703	 0.016610	 79.227079	 0.086119	 821.633498	 118197.000000
 0.902356	 0.001712	 0.016672	 79.609990	 0.086523	 821.633498	 118768.000000
 0.906700	 0.001718	 0.016755	 79.991822	 0.086944	 821.633498	 119339.000000
 0.911033	 0.001723	 0.016856	 80.373949	 0.087352	 821.633498	 119910.000000
 0.915374	 0.001733	 0.016936	 80.757668	 0.087768	 821.633498	 120481.000000
 0.919744	 0.001747	 0.017046	 81.140760	 0.088192	 821.633498	 121052.000000
 0.924077	 0.001751	 0.017126	 81.523142	 0.088609	 821.633498	 121623.000000
 0.928430	 0.001755	 0.017199	 81.907004	 0.089014	 821.633498	 122194.000000
 0.932772	 0.001765	 0.017284	 82.290007	 0.089430	 821.633498	 122765.000000
 0.937121	 0.001769	 0.017358	 82.671899	 0.089825	 821.633498	 123336.000000
 0.941474	 0.001779	 0.017431	 83.054078	 0.090244	 821.633498	 123907.000000
 0.945800	 0.001789	 0.017520	 83.435885	 0.090651	 821.633498	 124478.000000
 0.950151	 0.001795	 0.017599	 83.821025	 0.091065	 821.633498	 125049.000000
 0.954479	 0.001805	 0.017672	 84.204261	 0.091486	 821.633498	 125620.000000
 0.958804	 0.001812	 0.017739	 84.586832	 0.091906	 821.633498	 126191.000000
 0.963171	 0.001816	 0.017806	 84.969366	 0.092321	 821.633498	 126762.000000
 0.967529	 0.001823	 0.017888	 85.351654	 0.092731	 821.633498	 127333.000000
 0.971911	 0.001832	 0.017967	 85.733472	 0.093142	 821.633498	 127904.000000
 0.976261	 0.001838	 0.018047	 86.115968	 0.093550	 821.633498	 128475.000000
 0.980597	 0.001846	 0.018117	 86.498036	 0.093968	 821.633498	 129046.000000
 0.984939	 0.001852	 0.018182	 86.880910	 0.094386	 821.633498	 129617.000000
 0.989301	 0.001858	 0.018255	 87.263341	 0.094804	 821.633498	 130188.000000
 0.993642	 0.001865	 0.018323	 87.646121	 0.095224	 821.633498	 130759.000000
 0.997984	 0.001876	 0.018398	 88.042599	 0.095645	 821.633498	 131330.000000
 1.002339	 0.001884	 0.018469	 88.425086	 0.096064	 821.633498	 131901.000000
 1.006698	 0.001895	 0.018561	 88.820834	 0.096493	 821.633498	 132472.000000
 1.011050	 0.001907	 0.018642	 89.203970	 0.096905	 821.633498	 133043.000000
 1.015405	 0.001913	 0.018712	 89.587523	 0.097325	 821.633498	 133614.000000
 1.019759	 0.001924	 0.018786	 89.970301	 0.097736	 821.633498	 134185.000000
 1.024097	 0.001935	 0.018867	 90.352663	 0.098147	 821.633498	 134756.000000
 1.028467	 0.001944	 0.018949	 90.735347	 0.098554	 821.633498	 135327.000000
 1.032811	 0.001956	 0.019029	 91.118259	 0.098968	 821.633498	 135898.000000
 1.037171	 0.001963	 0.019111	 91.500226	 0.099382	 821.633498	 136469.000000
 1.041517	 0.001969	 0.019192	 91.882912	 0.099792	 821.633498	 137040.000000
 1.045872	 0.001978	 0.019271	 92.267186	 0.100207	 821.633498	 137611.000000
 1.050236	 0.001990	 0.019355	 92.650687	 0.100614	 821.633498	 138182.000000
 1.054578	 0.001999	 0.019445	 93.032599	 0.101029	 821.633498	 138753.000000
 1.058928	 0.002003	 0.019531	 93.415573	 0.101446	 821.633498	 139324.000000
 1.063326	 0.002011	 0.019613	 93.798543	 0.101852	 821.633498	 139895.000000
 1.067689	 0.002019	 0.019714	 94.182028	 0.102280	 821.633498	 140466.000000
 1.072046	 0.002029	 0.019797	 94.565030	 0.102693	 821.633498	 141037.000000
 1.076407	 0.002039	 0.019880	 94.948624	 0.103115	 821.633498	 141608.000000
 1.080767	 0.002046	 0.019956	 95.334241	 0.103527	 821.633498	 142179.000000
 1.085096	 0.002054	 0.020045	 95.717016	 0.103940	 821.633498	 142750.000000
 1.089437	 0.002061	 0.020115	 96.099428	 0.104366	 821.633498	 143321.000000
 1.093781	 0.002070	 0.020202	 96.481781	 0.104780	 821.633498	 143892.000000
 1.098150	 0.002078	 0.020281	 96.864816	 0.105190	 821.633498	 144463.000000
 1.102502	 0.002085	 0.020370	 97.248670	 0.105611	 821.633498	 145034.000000
 1.106857	 0.002093	 0.020444	 97.630721	 0.106040	 821.633498	 145605.000000
 1.111219	 0.002105	 0.020525	 98.013259	 0.106456	 821.633498	 146176.000000
 1.115560	 0.002116	 0.020594	 98.397679	 0.106870	 821.633498	 146747.000000
 1.119922	 0.002126	 0.020660	 98.780024	 0.107292	 821.633498	 147318.000000
 1.124283	 0.002131	 0.020751	 99.162686	 0.107706	 821.633498	 147889.000000
 1.128626	 0.002135	 0.020825	 99.545045	 0.108109	 821.633498	 148460.000000
 1.132991	 0.002141	 0.020917	 99.927506	 0.108533	 821.633498	 149031.000000
 1.137341	 0.002149	 0.020996	 100.311920	 0.108954	 821.633498	 149602.000000
 1.141704	 0.002157	 0.021081	 100.693933	 0.109368	 821.633498	 150173.000000
 1.146054	 0.002161	 0.021154	 101.077599	 0.109786	 821.633498	 150744.000000
 1.150400	 0.002169	 0.021230	 101.460172	 0.110217	 821.633498	 151315.000000
 1.154754	 0.002174	 0.021296	 101.841862	 0.110633	 821.633498	 151886.000000
 1.159111	 0.002179	 0.021378	 102.224062	 0.111050	 821.633498	 152457.000000
 1.163456	 0.002192	 0.021445	 102.606487	 0.111467	 821.633498	 153028.000000
 1.167833	 0.002203	 0.021518	 102.988607	 0.111885	 821.633498	 153599.000000
 1.172176	 0.002208	 0.021593	 103.371154	 0.112296	 821.633498	 154170.000000
 1.176531	 0.002216	 0.021657	 103.752676	 0.112717	 821.633498	 154741.000000
 1.180873	 0.002221	 0.021735	 104.135423	 0.113145	 821.633498	 155312.000000
 1.185225	 0.002225	 0.021823	 104.518818	 0.113572	 821.633498	 155883.000000
 1.189583	 0.002235	 0.021896	 104.901048	 0.113996	 821.633498	 156454.000000
 1.193938	 0.002244	 0.021972	 105.283656	 0.114412	 821.633498	 157025.000000
 1.198282	 0.002255	 0.022051	 105.667422	 0.114815	 821.633498	 157596.000000
 1.202613	 0.002264	 0.022144	 106.050669	 0.115226	 821.633498	 158167.000000
 1.206976	 0.002270	 0.022230	 106.434100	 0.115654	 821.633498	 158738.000000
 1.211333	 0.002280	 0.022302	 106.817721	 0.116058	 821.633498	 159309.000000
 1.215678	 0.002288	 0.022400	 107.200880	 0.116474	 821.633498	 159880.000000
 1.220030	 0.002293	 0.022488	 107.583701	 0.116899	 821.633498	 160451.000000
 1.224380	 0.002299	 0.022570	 107.966390	 0.117318	 821.633498	 161022.000000
 1.228721	 0.002305	 0.022649	 108.348554	 0.117733	 821.633498	 161593.000000
 1.233072	 0.002314	 0.022726	 108.732182	 0.118152	 821.633498	 162164.000000
 1.237404	 0.002324	 0.022818	 109.114587	 0.118560	 821.633498	 162735.000000
 1.241741	 0.002330	 0.022907	 109.496034	 0.118976	 821.633498	 163306.000000
 1.246109	 0.002339	 0.022996	 109.879669	 0.119394	 821.633498	 163877.000000
 1.250456	 0.002348	 0.023064	 110.261368	 0.119813	 821.633498	 164448.000000
 1.254821	 0.002356	 0.023136	 110.644852	 0.120232	 821.633498	 165019.000000
 1.259172	 0.002364	 0.023221	 111.027529	 0.120655	 821.633498	 165590.000000
 1.263497	 0.002371	 0.023291	 111.410759	 0.121061	 821.633498	 166161.000000
 1.267835	 0.002376	 0.023364	 111.793109	 0.121480	 821.633498	 166732.000000
 1.272178	 0.002381	 0.023442	 112.175442	 0.121899	 821.633498	 167303.000000
 1.276525	 0.002386	 0.023524	 112.557925	 0.122304	 821.633498	 167874.000000
 1.280883	 0.002396	 0.023617	 112.941060	 0.122705	 821.633498	 168445.000000
 1.285241	 0.002403	 0.023693	 113.324644	 0.123119	 821.633498	 169016.000000
 1.289594	 0.002408	 0.023772	 113.707441	 0.123530	 821.633498	 169587.000000
 1.293936	 0.002414	 0.023858	 114.089018	 0.123938	 821.633498	 170158.000000
 1.298274	 0.002421	 0.023938	 114.472380	 0.124363	 821.633498	 170729.000000
 1.302619	 0.002427	 0.024012	 114.855314	 0.124776	 821.633498	 171300.000000
 1.306970	 0.002433	 0.024087	 115.237204	 0.125193	 821.633498	 171871.000000
 1.311325	 0.002441	 0.024165	 115.620192	 0.125615	 821.633498	 172442.000000
 1.315667	 0.002452	 0.024215	 116.005709	 0.126018	 821.633498	 173013.000000
 1.320023	 0.002465	 0.024300	 116.389790	 0.126452	 821.633498	 173584.000000
 1.324382	 0.002477	 0.024379	 116.773171	 0.126878	 821.633498	 174155.000000
 1.328729	 0.002480	 0.024471	 117.156294	 0.127296	 821.633498	 174726.000000
 1.333061	 0.002490	 0.024547	 117.539740	 0.127724	 821.633498	 175297.000000
 1.337423	 0.002500	 0.024609	 117.923349	 0.128133	 821.633498	 175868.000000
 1.341763	 0.002504	 0.024687	 118.306442	 0.128548	 821.633498	 176439.000000
 1.346115	 0.002512	 0.024757	 118.689054	 0.128961	 821.633498	 177010.000000
 1.350455	 0.002523	 0.024835	 119.071547	 0.129374	 821.633498	 177581.000000
 1.354803	 0.002532	 0.024924	 119.453573	 0.129778	 821.633498	 178152.000000
 1.359148	 0.002537	 0.025010	 119.836330	 0.130184	 821.633498	 178723.000000
 1.363501	 0.002544	 0.025085	 120.219022	 0.130605	 821.633498	 179294.000000
 1.367847	 0.002549	 0.025165	 120.603376	 0.131017	 821.633498	 179865.000000
 1.372189	 0.002555	 0.025251	 120.985341	 0.131433	 821.633498	 180436.000000
 1.376548	 0.002567	 0.025323	 121.367543	 0.131854	 821.633498	 181007.000000
 1.380892	 0.002572	 0.025417	 121.750101	 0.132265	 821.633498	 181578.000000
 1.385233	 0.002581	 0.025504	 122.133050	 0.132677	 821.633498	 182149.000000
 1.389589	 0.002588	 0.025585	 122.515694	 0.133094	 821.633498	 182720.000000
 1.393951	 0.002599	 0.025673	 122.899145	 0.133502	 821.633498	 183291.000000
 1.398287	 0.002608	 0.025757	 123.280785	 0.133917	 821.633498	 183862.000000
 1.402625	 0.002615	 0.025842	 123.662896	 0.134332	 821.633498	 184433.000000
 1.406984	 0.002623	 0.025904	 124.045206	 0.134748	 821.633498	 185004.000000
 1.411349	 0.002631	 0.025986	 124.427244	 0.135168	 821.633498	 185575.000000
 1.415704	 0.002638	 0.026061	 124.810733	 0.135588	 821.633498	 186146.000000
 1.420066	 0.002645	 0.026135	 125.193393	 0.135997	 821.633498	 186717.000000
 1.424415	 0.002654	 0.026218	 125.575269	 0.136407	 821.633498	 187288.000000
 1.428770	 0.002657	 0.026299	 125.957610	 0.136830	 821.633498	 187859.000000
 1.433133	 0.002665	 0.026380	 126.339704	 0.137237	 821.633498	 188430.000000
 1.437490	 0.002678	 0.026479	 126.722674	 0.137655	 821.633498	 189001.000000
 1.441837	 0.002689	 0.026575	 127.104943	 0.138053	 821.633498	 189572.000000
 1.446181	 0.002694	 0.026646	 127.487668	 0.138472	 821.633498	 190143.000000
 1.450532	 0.002702	 0.026704	 127.869532	 0.138871	 821.633498	 190714.000000
 1.454887	 0.002711	 0.026785	 128.251155	 0.139280	 821.633498	 191285.000000
 1.459235	 0.002720	 0.026862	 128.633567	 0.139686	 821.633498	 191856.000000
 1.463601	 0.002726	 0.026953	 129.015493	 0.140097	 821.633498	 192427.000000
 1.467943	 0.002736	 0.027032	 129.397953	 0.140529	 821.633498	 192998.000000
 1.472304	 0.002745	 0.027122	 129.780407	 0.140940	 821.633498	 193569.000000
 1.476658	 0.002756	 0.027206	 130.162236	 0.141354	 821.633498	 194140.000000
 1.481035	 0.002766	 0.027277	 130.546517	 0.141772	 821.633498	 194711.000000
 1.485396	 0.002771	 0.027340	 130.930422	 0.142196	 821.633498	 195282.000000
 1.489742	 0.002777	 0.027423	 131.312281	 0.142602	 821.633498	 195853.000000
 1.494089	 0.002787	 0.027494	 131.694926	 0.143012	 821.633498	 196424.000000
 1.498439	 0.002795	 0.027573	 132.076887	 0.143422	 821.633498	 196995.000000
 1.502803	 0.002803	 0.027659	 132.461760	 0.143841	 821.633498	 197566.000000
 1.507168	 0.002809	 0.027740	 132.843920	 0.144263	 821.633498	 198137.000000
 1.511519	 0.002821	 0.027818	 133.225795	 0.144675	 821.633498	 198708.000000
 1.515884	 0.002828	 0.027901	 133.608871	 0.145090	 821.633498	 199279.000000
 1.520239	 0.002835	 0.027981	 133.992028	 0.145508	 821.633498	 199850.000000
 1.524580	 0.002844	 0.028061	 134.374589	 0.145923	 821.633498	 200421.000000
 1.528938	 0.002850	 0.028137	 134.755738	 0.146323	 821.633498	 200992.000000
 1.533293	 0.002860	 0.028207	 135.137635	 0.146745	 821.633498	 201563.000000
 1.537654	 0.002869	 0.028288	 135.520092	 0.147148	 821.633498	 202134.000000
 1.542018	 0.002876	 0.028374	 135.901838	 0.147566	 821.633498	 202705.000000
 1.546355	 0.002886	 0.028442	 136.284177	 0.147991	 821.633498	 203276.000000
 1.550718	 0.002903	 0.028523	 136.666546	 0.148400	 821.633498	 203847.000000
 1.555072	 0.002914	 0.028609	 137.050845	 0.148808	 821.633498	 204418.000000
 1.559425	 0.002923	 0.028681	 137.434180	 0.149223	 821.633498	 204989.000000
 1.563777	 0.002930	 0.028760	 137.816858	 0.149645	 821.633498	 205560.000000
 1.568119	 0.002939	 0.028835	 138.199673	 0.150060	 821.633498	 206131.000000
 1.572481	 0.002949	 0.028916	 138.582167	 0.150481	 821.633498	 206702.000000
 1.576840	 0.002962	 0.029003	 138.963673	 0.150894	 821.633498	 207273.000000
 1.581182	 0.002973	 0.029084	 139.346104	 0.151297	 821.633498	 207844.000000
 1.585578	 0.002983	 0.029169	 139.728915	 0.151712	 821.633498	 208415.000000
 1.589929	 0.002990	 0.029258	 140.111654	 0.152139	 821.633498	 208986.000000
 1.594287	 0.003001	 0.029343	 140.494207	 0.152570	 821.633498	 209557.000000
 1.598645	 0.003009	 0.029434	 140.877332	 0.152991	 821.633498	 210128.000000
 1.603003	 0.003018	 0.029507	 141.260794	 0.153390	 821.633498	 210699.000000
 1.607377	 0.003026	 0.029581	 141.647640	 0.153798	 821.633498	 211270.000000
 1.611727	 0.003036	 0.029651	 142.029886	 0.154201	 821.633498	 211841.000000
 1.616067	 0.003045	 0.029750	 142.413323	 0.154609	 821.633498	 212412.000000
 1.620425	 0.003055	 0.029824	 142.796809	 0.155031	 821.633498	 212983.000000
 1.624767	 0.003061	 0.029903	 143.179867	 0.155440	 821.633498	 213554.000000
 1.629127	 0.003072	 0.029978	 143.562909	 0.155848	 821.633498	 214125.000000
 1.633473	 0.003079	 0.030049	 143.946229	 0.156250	 821.633498	 214696.000000
 1.637833	 0.003088	 0.030130	 144.329331	 0.156665	 821.633498	 215267.000000
 1.642162	 0.003098	 0.030192	 144.711730	 0.157088	 821.633498	 215838.000000
 1.646507	 0.003108	 0.030272	 145.093398	 0.157510	 821.633498	 216409.000000
 1.650851	 0.003118	 0.030356	 145.475847	 0.157918	 821.633498	 216980.000000
 1.655207	 0.003127	 0.030439	 145.858361	 0.158332	 821.633498	 217551.000000
 1.659565	 0.003130	 0.030526	 146.242434	 0.158742	 821.633498	 218122.000000
 1.663911	 0.003136	 0.030608	 146.625028	 0.159163	 821.633498	 218693.000000
 1.668249	 0.003143	 0.030686	 147.008154	 0.159580	 821.633498	 219264.000000
 1.672581	 0.003153	 0.030770	 147.391415	 0.159995	 821.633498	 219835.000000
 1.676929	 0.003161	 0.030850	 147.774205	 0.160405	 821.633498	 220406.000000
 1.681267	 0.003166	 0.030924	 148.157374	 0.160819	 821.633498	 220977.000000
 1.685619	 0.003176	 0.031008	 148.539737	 0.161224	 821.633498	 221548.000000
 1.689955	 0.003184	 0.031084	 148.922531	 0.161642	 821.633498	 222119.000000
 1.694294	 0.003191	 0.031172	 149.304743	 0.162057	 821.633498	 222690.000000
 1.698635	 0.003203	 0.031263	 149.687171	 0.162482	 821.633498	 223261.000000
 1.702979	 0.003210	 0.031345	 150.071114	 0.162892	 821.633498	 223832.000000
 1.707327	 0.003220	 0.031433	 150.455021	 0.163289	 821.633498	 224403.000000
 1.711669	 0.003230	 0.031502	 150.837873	 0.163690	 821.633498	 224974.000000
 1.715998	 0.003238	 0.031583	 151.220925	 0.164095	 821.633498	 225545.000000
 1.720333	 0.003242	 0.031657	 151.604071	 0.164511	 821.633498	 226116.000000
 1.724662	 0.003257	 0.031726	 151.986153	 0.164932	 821.633498	 226687.000000
 1.729016	 0.003261	 0.031810	 152.368394	 0.165343	 821.633498	 227258.000000
 1.733361	 0.003270	 0.031888	 152.751502	 0.165757	 821.633498	 227829.000000
 1.737720	 0.003282	 0.031979	 153.135013	 0.166174	 821.633498	 228400.000000
 1.742053	 0.003288	 0.032056	 153.518567	 0.166579	 821.633498	 228971.000000
 1.746413	 0.003297	 0.032133	 153.901025	 0.166996	 821.633498	 229542.000000
 1.750732	 0.003302	 0.032213	 154.283523	 0.167421	 821.633498	 230113.000000
 1.755089	 0.003311	 0.032299	 154.667351	 0.167833	 821.633498	 230684.000000
 1.759425	 0.003320	 0.032380	 155.049947	 0.168243	 821.633498	 231255.000000
 1.763761	 0.003329	 0.032459	 155.432664	 0.168644	 821.633498	 231826.000000
 1.768091	 0.003338	 0.032551	 155.814182	 0.169064	 821.633498	 232397.000000
 1.772439	 0.003348	 0.032625	 156.197320	 0.169485	 821.633498	 232968.000000
 1.776781	 0.003355	 0.032699	 156.580660	 0.169891	 821.633498	 233539.000000
 1.781118	 0.003364	 0.032790	 156.963506	 0.170302	 821.633498	 234110.000000
 1.785459	 0.003372	 0.032862	 157.347811	 0.170723	 821.633498	 234681.000000
 1.789796	 0.003381	 0.032945	 157.730601	 0.171131	 821.633498	 235252.000000
 1.794147	 0.003388	 0.033034	 158.113567	 0.171553	 821.633498	 235823.000000
 1.798500	 0.003393	 0.033121	 158.497470	 0.171975	 821.633498	 236394.000000
 1.802843	 0.003396	 0.033199	 158.880119	 0.172383	 821.633498	 236965.000000
 1.807199	 0.003402	 0.033280	 159.263291	 0.172802	 821.633498	 237536.000000
 1.811541	 0.003413	 0.033368	 159.645873	 0.173220	 821.633498	 238107.000000
 1.815872	 0.003417	 0.033437	 160.029012	 0.173632	 821.633498	 238678.000000
 1.820204	 0.003422	 0.033521	 160.411106	 0.174047	 821.633498	 239249.000000
 1.824553	 0.003431	 0.033596	 160.793716	 0.174464	 821.633498	 239820.000000
 1.828900	 0.003439	 0.033679	 161.178122	 0.174882	 821.633498	 240391.000000
 1.833241	 0.003447	 0.033751	 161.560611	 0.175291	 821.633498	 240962.000000
 1.837609	 0.003456	 0.033829	 161.947083	 0.175709	 821.633498	 241533.000000
 1.841949	 0.003461	 0.033911	 162.330377	 0.176121	 821.633498	 242104.000000
 1.846290	 0.003468	 0.033987	 162.712566	 0.176536	 821.633498	 242675.000000
 1.850611	 0.003480	 0.034064	 163.096015	 0.176944	 821.633498	 243246.000000
 1.854936	 0.003488	 0.034145	 163.479626	 0.177355	 821.633498	 243817.000000
 1.859262	 0.003497	 0.034222	 163.862986	 0.177778	 821.633498	 244388.000000
 1.863593	 0.003506	 0.034305	 164.247467	 0.178188	 821.633498	 244959.000000
 1.867919	 0.003514	 0.034397	 164.630859	 0.178589	 821.633498	 245530.000000
 1.872282	 0.003523	 0.034476	 165.013269	 0.179009	 821.633498	 246101.000000
 1.876627	 0.003533	 0.034556	 165.395671	 0.179439	 821.633498	 246672.000000
 1.880976	 0.003539	 0.034633	 165.779735	 0.179859	 821.633498	 247243.000000
 1.885318	 0.003551	 0.034721	 166.163040	 0.180282	 821.633498	 247814.000000
 1.889643	 0.003558	 0.034790	 166.546669	 0.180700	 821.633498	 248385.000000
 1.893965	 0.003566	 0.034869	 166.929876	 0.181116	 821.633498	 248956.000000
 1.898299	 0.003572	 0.034944	 167.312742	 0.181538	 821.633498	 249527.000000
 1.902632	 0.003574	 0.035021	 167.696003	 0.181957	 821.633498	 250098.000000
 1.906981	 0.003576	 0.035102	 168.079003	 0.182366	 821.633498	 250669.000000
 1.911354	 0.003583	 0.035183	 168.461325	 0.182775	 821.633498	 251240.000000
 1.915712	 0.003590	 0.035260	 168.843103	 0.183186	 821.633498	 251811.000000
 1.920033	 0.003595	 0.035330	 169.225781	 0.183600	 821.633498	 252382.000000
 1.924357	 0.003600	 0.035401	 169.607912	 0.184017	 821.633498	 252953.000000
 1.928713	 0.003605	 0.035474	 169.991994	 0.184442	 821.633498	 253524.000000
 1.933048	 0.003610	 0.035554	 170.375386	 0.184872	 821.633498	 254095.000000
 1.937414	 0.003613	 0.035636	 170.759618	 0.185284	 821.633498	 254666.000000
 1.941776	 0.003620	 0.035721	 171.143435	 0.185693	 821.633498	 255237.000000
 1.946124	 0.003628	 0.035804	 171.526175	 0.186096	 821.633498	 255808.000000
 1.950466	 0.003634	 0.035879	 171.908858	 0.186525	 821.633498	 256379.000000
 1.954791	 0.003643	 0.035963	 172.290524	 0.186940	 821.633498	 256950.000000
 1.959133	 0.003649	 0.036056	 172.672968	 0.187372	 821.633498	 257521.000000
 1.963473	 0.003661	 0.036131	 173.055350	 0.187793	 821.633498	 258092.000000
 1.967811	 0.003668	 0.036199	 173.437556	 0.188218	 821.633498	 258663.000000
 1.972161	 0.003680	 0.036296	 173.819821	 0.188645	 821.633498	 259234.000000
 1.976509	 0.003690	 0.036396	 174.202660	 0.189066	 821.633498	 259805.000000
 1.980848	 0.003700	 0.036490	 174.584504	 0.189488	 821.633498	 260376.000000
 1.985190	 0.003710	 0.036571	 174.966186	 0.189911	 821.633498	 260947.000000
 1.989527	 0.003718	 0.036646	 175.348233	 0.190322	 821.633498	 261518.000000
 1.993868	 0.003726	 0.036714	 175.730416	 0.190741	 821.633498	 262089.000000
 1.998213	 0.003733	 0.036789	 176.113582	 0.191161	 821.633498	 262660.000000
 2.002589	 0.003740	 0.036888	 176.496159	 0.191595	 821.633498	 263231.000000
 2.006942	 0.003746	 0.036976	 176.878500	 0.192013	 821.633498	 263802.000000
 2.011285	 0.003751	 0.037041	 177.260969	 0.192441	 821.633498	 264373.000000
 2.015631	 0.003760	 0.037121	 177.643755	 0.192847	 821.633498	 264944.000000
 2.019973	 0.003765	 0.037214	 178.026793	 0.193268	 821.633498	 265515.000000
 2.024309	 0.003772	 0.037288	 178.409306	 0.193680	 821.633498	 266086.000000
 2.028658	 0.003782	 0.037355	 178.791336	 0.194097	 821.633498	 266657.000000
 2.032991	 0.003791	 0.037433	 179.173284	 0.194509	 821.633498	 267228.000000
 2.037342	 0.003800	 0.037520	 179.555851	 0.194942	 821.633498	 267799.000000
 2.041677	 0.003813	 0.037601	 179.940710	 0.195356	 821.633498	 268370.000000
 2.046010	 0.003827	 0.037672	 180.323378	 0.195778	 821.633498	 268941.000000
 2.050345	 0.003832	 0.037751	 180.705046	 0.196190	 821.633498	 269512.000000
 2.054682	 0.003835	 0.037839	 181.086862	 0.196603	 821.633498	 270083.000000
 2.059024	 0.003842	 0.037926	 181.470191	 0.197021	 821.633498	 270654.000000
 2.063403	 0.003850	 0.038017	 181.853339	 0.197443	 821.633498	 271225.000000
 2.067738	 0.003858	 0.038094	 182.235532	 0.197863	 821.633498	 271796.000000
 2.072088	 0.003866	 0.038176	 182.617662	 0.198272	 821.633498	 272367.000000
 2.076457	 0.003872	 0.038242	 183.000897	 0.198697	 821.633498	 272938.000000
 2.080799	 0.003880	 0.038318	 183.383412	 0.199120	 821.633498	 273509.000000
 2.085147	 0.003892	 0.038381	 183.765328	 0.199536	 821.633498	 274080.000000
 2.089509	 0.003900	 0.038459	 184.147647	 0.199955	 821.633498	 274651.000000
 2.093859	 0.003909	 0.038540	 184.530889	 0.200375	 821.633498	 275222.000000
 2.098219	 0.003920	 0.038639	 184.914047	 0.200798	 821.633498	 275793.000000
 2.102566	 0.003929	 0.038725	 185.296130	 0.201209	 821.633498	 276364.000000
 2.106918	 0.003937	 0.038801	 185.678401	 0.201617	 821.633498	 276935.000000
 2.111257	 0.003940	 0.038881	 186.061162	 0.202037	 821.633498	 277506.000000
 2.115596	 0.003951	 0.038960	 186.443341	 0.202456	 821.633498	 278077.000000
 2.119940	 0.003961	 0.039039	 186.827042	 0.202880	 821.633498	 278648.000000
 2.124294	 0.003970	 0.039139	 187.209986	 0.203297	 821.633498	 279219.000000
 2.128637	 0.003977	 0.039217	 187.593428	 0.203704	 821.633498	 279790.000000
 2.132994	 0.003985	 0.039298	 187.976101	 0.204125	 821.633498	 280361.000000
 2.137335	 0.003992	 0.039386	 188.358285	 0.204545	 821.633498	 280932.000000
 2.141726	 0.003997	 0.039460	 188.740478	 0.204959	 821.633498	 281503.000000
 2.146072	 0.004003	 0.039546	 189.124415	 0.205385	 821.633498	 282074.000000
 2.150413	 0.004017	 0.039621	 189.508242	 0.205796	 821.633498	 282645.000000
 2.154751	 0.004028	 0.039717	 189.891613	 0.206214	 821.633498	 283216.000000
 2.159104	 0.004034	 0.039793	 190.274275	 0.206619	 821.633498	 283787.000000
 2.163443	 0.004041	 0.039872	 190.656268	 0.207033	 821.633498	 284358.000000
 2.167789	 0.004050	 0.039963	 191.038779	 0.207436	 821.633498	 284929.000000
 2.172118	 0.004052	 0.040044	 191.420855	 0.207849	 821.633498	 285500.000000
 Fri Jan 25 16:04:31 2019
wsum_vtime	 werr_vtime	 unit_vtime	 unit_ctime	 wsum_ctime	 comm_ctime	 vosize
0.007216	 0.000015	 0.001658	 7.792115	 0.009051	 845.446898	 1183.000000
 0.813682	 0.001934	 0.186872	 868.454621	 1.009735	 845.446898	 119552.000000
 1.636411	 0.003905	 0.376818	 1749.643559	 2.031018	 845.446898	 237874.000000
 2.451486	 0.005840	 0.562884	 2622.653430	 3.041244	 845.446898	 356230.000000
 3.285580	 0.007812	 0.755599	 3512.598608	 4.072933	 845.446898	 474613.000000
 Sun Jan 27 08:00:41 2019
wsum_vtime	 werr_vtime	 unit_vtime	 unit_ctime	 wsum_ctime	 comm_ctime	 vosize
Sun Jan 27 08:56:58 2019
wsum_vtime	 werr_vtime	 unit_vtime	 unit_ctime	 wsum_ctime	 comm_ctime	 vosize
Sun Jan 27 09:23:26 2019
wsum_vtime	 werr_vtime	 unit_vtime	 unit_ctime	 wsum_ctime	 comm_ctime	 vosize
0.128831	 0.000366	 0.034415	 162.935269	 0.192232	 854.074515	 23810.000000
 0.252844	 0.000677	 0.067794	 320.638769	 0.377387	 854.074515	 47614.000000
 0.378199	 0.001024	 0.101064	 478.656265	 0.561437	 854.074515	 71422.000000
 0.501495	 0.001357	 0.133570	 634.631862	 0.743740	 854.074515	 95238.000000
 0.622652	 0.001647	 0.165510	 788.357307	 0.924213	 854.074515	 119050.000000
 Sun Jan 27 11:33:25 2019
wsum_vtime	 werr_vtime	 unit_vtime	 unit_ctime	 wsum_ctime	 comm_ctime	 vosize
0.728106	 0.001738	 0.168769	 801.294861	 0.907545	 865.547753	 118364.000000
 1.465147	 0.003427	 0.340130	 1614.013501	 1.826768	 865.547753	 236691.000000
 2.207823	 0.005118	 0.512344	 2432.671320	 2.749866	 865.547753	 355047.000000
 2.949547	 0.006866	 0.684246	 3247.974031	 3.671877	 865.547753	 473430.000000
 3.686189	 0.008607	 0.855525	 4059.885515	 4.587656	 865.547753	 591769.000000
 Mon Jan 28 14:02:37 2019
wsum_vtime	 werr_vtime	 unit_vtime	 unit_ctime	 wsum_ctime	 comm_ctime	 vosize
Mon Jan 28 14:07:46 2019
wsum_vtime	 werr_vtime	 unit_vtime	 unit_ctime	 wsum_ctime	 comm_ctime	 vosize
Mon Jan 28 14:33:32 2019
wsum_vtime	 werr_vtime	 unit_vtime	 unit_ctime	 wsum_ctime	 comm_ctime	 vosize
Mon Jan 28 14:51:33 2019
wsum_vtime	 werr_vtime	 unit_vtime	 unit_ctime	 wsum_ctime	 comm_ctime	 vosize
Tue Jan 29 01:42:32 2019
step1.1	 step1.2	 step1.3	 step2.1	 step2.2	 step2.3	 step2.4	 step2.5	 step2.6
Tue Jan 29 01:43:24 2019
step1.1	 step1.2	 step1.3	 step2.1	 step2.2	 step2.3	 step2.4	 step2.5	 step2.6
Tue Jan 29 01:46:04 2019
step1.1	 step1.2	 step1.3	 step2.1	 step2.2	 step2.3	 step2.4	 step2.5	 step2.6
1242.441687	 0.013100	 1.816565	 1.818501	 17.004953	 15.999624	 0.000007	 1310.152839	 0.004908
 2485.235744	 0.026983	 3.631237	 3.635432	 34.011755	 31.989657	 0.000016	 2620.339354	 0.010831
 